[[0.69634489 0.         0.         0.        ]
 [0.         0.         0.         0.        ]
 [0.         0.         0.         0.        ]
 [0.         0.         0.         0.        ]
 [0.         0.         0.         0.        ]
 [0.         0.         0.         0.        ]
 [0.         0.         0.         0.        ]]
[[0.69634489 0.         0.         0.        ]
 [0.         0.         0.         0.        ]
 [0.         0.         0.         0.        ]
 [0.85       0.         0.         0.        ]
 [0.         0.         0.         0.        ]
 [0.         0.         0.         0.        ]
 [0.         0.         0.         0.        ]]
[[0.69634489 0.         0.         0.        ]
 [0.         0.         0.         0.        ]
 [0.         0.         0.         0.        ]
 [0.85       0.         0.         0.        ]
 [0.868      0.         0.         0.        ]
 [0.         0.         0.         0.        ]
 [0.         0.         0.         0.        ]]
[[0.69634489 0.         0.         0.        ]
 [0.         0.         0.         0.        ]
 [0.         0.         0.         0.        ]
 [0.85       0.         0.         0.        ]
 [0.868      0.         0.         0.        ]
 [0.82010582 0.         0.         0.        ]
 [0.         0.         0.         0.        ]]
[[0.69634489 0.         0.         0.        ]
 [0.         0.         0.         0.        ]
 [0.         0.         0.         0.        ]
 [0.85       0.         0.         0.        ]
 [0.868      0.         0.         0.        ]
 [0.82010582 0.         0.         0.        ]
 [0.81809614 0.         0.         0.        ]]
[[0.69634489 0.80506092 0.         0.        ]
 [0.         0.         0.         0.        ]
 [0.         0.         0.         0.        ]
 [0.85       0.         0.         0.        ]
 [0.868      0.         0.         0.        ]
 [0.82010582 0.         0.         0.        ]
 [0.81809614 0.         0.         0.        ]]
[[0.69634489 0.80506092 0.         0.        ]
 [0.         0.         0.         0.        ]
 [0.         0.         0.         0.        ]
 [0.85       0.905      0.         0.        ]
 [0.868      0.         0.         0.        ]
 [0.82010582 0.         0.         0.        ]
 [0.81809614 0.         0.         0.        ]]
[[0.69634489 0.80506092 0.         0.        ]
 [0.         0.         0.         0.        ]
 [0.         0.         0.         0.        ]
 [0.85       0.905      0.         0.        ]
 [0.868      0.852      0.         0.        ]
 [0.82010582 0.         0.         0.        ]
 [0.81809614 0.         0.         0.        ]]
[[0.69634489 0.80506092 0.         0.        ]
 [0.         0.         0.         0.        ]
 [0.         0.         0.         0.        ]
 [0.85       0.905      0.         0.        ]
 [0.868      0.852      0.         0.        ]
 [0.82010582 0.81216931 0.         0.        ]
 [0.81809614 0.         0.         0.        ]]
[[0.69634489 0.80506092 0.         0.        ]
 [0.         0.         0.         0.        ]
 [0.         0.         0.         0.        ]
 [0.85       0.905      0.         0.        ]
 [0.868      0.852      0.         0.        ]
 [0.82010582 0.81216931 0.         0.        ]
 [0.81809614 0.88124411 0.         0.        ]]
[[0.69634489 0.80506092 0.79662605 0.        ]
 [0.         0.         0.         0.        ]
 [0.         0.         0.         0.        ]
 [0.85       0.905      0.         0.        ]
 [0.868      0.852      0.         0.        ]
 [0.82010582 0.81216931 0.         0.        ]
 [0.81809614 0.88124411 0.         0.        ]]
[[0.69634489 0.80506092 0.79662605 0.        ]
 [0.         0.         0.         0.        ]
 [0.         0.         0.         0.        ]
 [0.85       0.905      0.886      0.        ]
 [0.868      0.852      0.         0.        ]
 [0.82010582 0.81216931 0.         0.        ]
 [0.81809614 0.88124411 0.         0.        ]]
[[0.69634489 0.80506092 0.79662605 0.        ]
 [0.         0.         0.         0.        ]
 [0.         0.         0.         0.        ]
 [0.85       0.905      0.886      0.        ]
 [0.868      0.852      0.762      0.        ]
 [0.82010582 0.81216931 0.         0.        ]
 [0.81809614 0.88124411 0.         0.        ]]
[[0.69634489 0.80506092 0.79662605 0.        ]
 [0.         0.         0.         0.        ]
 [0.         0.         0.         0.        ]
 [0.85       0.905      0.886      0.        ]
 [0.868      0.852      0.762      0.        ]
 [0.82010582 0.81216931 0.8015873  0.        ]
 [0.81809614 0.88124411 0.         0.        ]]
[[0.69634489 0.80506092 0.79662605 0.        ]
 [0.         0.         0.         0.        ]
 [0.         0.         0.         0.        ]
 [0.85       0.905      0.886      0.        ]
 [0.868      0.852      0.762      0.        ]
 [0.82010582 0.81216931 0.8015873  0.        ]
 [0.81809614 0.88124411 0.90574929 0.        ]]
[[0.69634489 0.80506092 0.79662605 0.82286785]
 [0.         0.         0.         0.        ]
 [0.         0.         0.         0.        ]
 [0.85       0.905      0.886      0.        ]
 [0.868      0.852      0.762      0.        ]
 [0.82010582 0.81216931 0.8015873  0.        ]
 [0.81809614 0.88124411 0.90574929 0.        ]]
[[0.69634489 0.80506092 0.79662605 0.82286785]
 [0.         0.         0.         0.        ]
 [0.         0.         0.         0.        ]
 [0.85       0.905      0.886      0.919     ]
 [0.868      0.852      0.762      0.        ]
 [0.82010582 0.81216931 0.8015873  0.        ]
 [0.81809614 0.88124411 0.90574929 0.        ]]
[[0.69634489 0.80506092 0.79662605 0.82286785]
 [0.         0.         0.         0.        ]
 [0.         0.         0.         0.        ]
 [0.85       0.905      0.886      0.919     ]
 [0.868      0.852      0.762      0.87      ]
 [0.82010582 0.81216931 0.8015873  0.        ]
 [0.81809614 0.88124411 0.90574929 0.        ]]
[[0.69634489 0.80506092 0.79662605 0.82286785]
 [0.         0.         0.         0.        ]
 [0.         0.         0.         0.        ]
 [0.85       0.905      0.886      0.919     ]
 [0.868      0.852      0.762      0.87      ]
 [0.82010582 0.81216931 0.8015873  0.84126984]
 [0.81809614 0.88124411 0.90574929 0.        ]]
[[0.69634489 0.80506092 0.79662605 0.82286785]
 [0.         0.         0.         0.        ]
 [0.         0.         0.         0.        ]
 [0.85       0.905      0.886      0.919     ]
 [0.868      0.852      0.762      0.87      ]
 [0.82010582 0.81216931 0.8015873  0.84126984]
 [0.81809614 0.88124411 0.90574929 0.89632422]]
Total Run Time: 31 min 33 seconds
